**************************************************
Start Date-Time: 16/08/2023, 08:12:20

Dataset: inj_cora, Model: DOMINANT

Hyper-Parameter Setting:
hid_dim=1024
dropout=0.300000
weight=0.5
weight_decay=0.010000
lr=0.010000
gpu=0

ROC-AUC:
AUC:    0.5660±0.0955 (0.6567)
AP:     0.0665±0.0170 (0.0856)
Recall: 0.0628±0.0228 (0.1014)
**************************************************