**************************************************
Start Date-Time: 16/08/2023, 07:34:52

Dataset: inj_cora, Model: DOMINANT

Hyper-Parameter Setting:
hid_dim=1024
dropout=0.100000
weight=0.5
weight_decay=0.000000
lr=0.050000
gpu=0

ROC-AUC:
AUC:    0.4372±0.0455 (0.5094)
AP:     0.0482±0.0046 (0.0557)
Recall: 0.0531±0.0109 (0.0652)
**************************************************