**************************************************
Start Date-Time: 16/08/2023, 08:16:19

Dataset: inj_cora, Model: DOMINANT

Hyper-Parameter Setting:
hid_dim=1024
dropout=0.300000
weight=0.5
weight_decay=0.010000
lr=0.100000
gpu=0

ROC-AUC:
AUC:    0.4545±0.0453 (0.5166)
AP:     0.0484±0.0040 (0.0537)
Recall: 0.0495±0.0125 (0.0652)
**************************************************