**************************************************
Start Date-Time: 16/08/2023, 07:36:49

Dataset: inj_cora, Model: DOMINANT

Hyper-Parameter Setting:
hid_dim=1024
dropout=0.100000
weight=0.5
weight_decay=0.000000
lr=0.100000
gpu=0

ROC-AUC:
AUC:    0.4464±0.0850 (0.6079)
AP:     0.0492±0.0131 (0.0746)
Recall: 0.0459±0.0198 (0.0725)
**************************************************