**************************************************
Start Date-Time: 16/08/2023, 07:05:34

Dataset: inj_cora, Model: DOMINANT

Hyper-Parameter Setting:
hid_dim=1024
dropout=0.000000
weight=0.5
weight_decay=0.000000
lr=0.100000
gpu=0

ROC-AUC:
AUC:    0.4637±0.1040 (0.6076)
AP:     0.0522±0.0153 (0.0746)
Recall: 0.0459±0.0208 (0.0725)
**************************************************