**************************************************
Start Date-Time: 16/08/2023, 07:40:42

Dataset: inj_cora, Model: DOMINANT

Hyper-Parameter Setting:
hid_dim=1024
dropout=0.100000
weight=0.5
weight_decay=0.010000
lr=0.010000
gpu=0

ROC-AUC:
AUC:    0.6631±0.0391 (0.7110)
AP:     0.0831±0.0111 (0.0975)
Recall: 0.0749±0.0118 (0.0870)
**************************************************