**************************************************
Start Date-Time: 16/08/2023, 08:08:19

Dataset: inj_cora, Model: DOMINANT

Hyper-Parameter Setting:
hid_dim=1024
dropout=0.300000
weight=0.5
weight_decay=0.000000
lr=0.100000
gpu=0

ROC-AUC:
AUC:    0.4642±0.0979 (0.6096)
AP:     0.0516±0.0146 (0.0747)
Recall: 0.0471±0.0214 (0.0725)
**************************************************