**************************************************
Start Date-Time: 16/08/2023, 07:01:41

Dataset: inj_cora, Model: DOMINANT

Hyper-Parameter Setting:
hid_dim=1024
dropout=0.000000
weight=0.5
weight_decay=0.000000
lr=0.010000
gpu=0

ROC-AUC:
AUC:    0.7521±0.0101 (0.7603)
AP:     0.1382±0.0134 (0.1498)
Recall: 0.1655±0.0298 (0.1884)
**************************************************