**************************************************
Start Date-Time: 16/08/2023, 08:46:00

Dataset: inj_cora, Model: DOMINANT

Hyper-Parameter Setting:
hid_dim=1024
dropout=0.500000
weight=0.5
weight_decay=0.010000
lr=0.050000
gpu=0

ROC-AUC:
AUC:    0.5072±0.0485 (0.5614)
AP:     0.0556±0.0061 (0.0630)
Recall: 0.0568±0.0202 (0.0797)
**************************************************