**************************************************
Start Date-Time: 16/08/2023, 09:18:57

Dataset: inj_cora, Model: DOMINANT

Hyper-Parameter Setting:
hid_dim=1024
dropout=0.700000
weight=0.5
weight_decay=0.010000
lr=0.100000
gpu=0

ROC-AUC:
AUC:    0.5202±0.0523 (0.5926)
AP:     0.0553±0.0078 (0.0701)
Recall: 0.0519±0.0116 (0.0725)
**************************************************