**************************************************
Start Date-Time: 16/08/2023, 07:44:36

Dataset: inj_cora, Model: DOMINANT

Hyper-Parameter Setting:
hid_dim=1024
dropout=0.100000
weight=0.5
weight_decay=0.010000
lr=0.100000
gpu=0

ROC-AUC:
AUC:    0.5068±0.0653 (0.5776)
AP:     0.0579±0.0093 (0.0738)
Recall: 0.0652±0.0314 (0.1232)
**************************************************