**************************************************
Start Date-Time: 16/08/2023, 08:47:58

Dataset: inj_cora, Model: DOMINANT

Hyper-Parameter Setting:
hid_dim=1024
dropout=0.500000
weight=0.5
weight_decay=0.010000
lr=0.100000
gpu=0

ROC-AUC:
AUC:    0.5249±0.0582 (0.6112)
AP:     0.0562±0.0115 (0.0748)
Recall: 0.0435±0.0177 (0.0725)
**************************************************