**************************************************
Start Date-Time: 16/08/2023, 07:03:38

Dataset: inj_cora, Model: DOMINANT

Hyper-Parameter Setting:
hid_dim=1024
dropout=0.000000
weight=0.5
weight_decay=0.000000
lr=0.050000
gpu=0

ROC-AUC:
AUC:    0.4604±0.0716 (0.5783)
AP:     0.0512±0.0088 (0.0669)
Recall: 0.0556±0.0135 (0.0725)
**************************************************