**************************************************
Start Date-Time: 16/08/2023, 08:36:15

Dataset: inj_cora, Model: DOMINANT

Hyper-Parameter Setting:
hid_dim=1024
dropout=0.500000
weight=0.5
weight_decay=0.000000
lr=0.010000
gpu=0

ROC-AUC:
AUC:    0.7567±0.0061 (0.7663)
AP:     0.1462±0.0097 (0.1629)
Recall: 0.1787±0.0241 (0.2174)
**************************************************