**************************************************
Start Date-Time: 16/08/2023, 09:15:05

Dataset: inj_cora, Model: DOMINANT

Hyper-Parameter Setting:
hid_dim=1024
dropout=0.700000
weight=0.5
weight_decay=0.010000
lr=0.010000
gpu=0

ROC-AUC:
AUC:    0.6376±0.0984 (0.7138)
AP:     0.0817±0.0220 (0.0992)
Recall: 0.0725±0.0238 (0.1014)
**************************************************