**************************************************
Start Date-Time: 16/08/2023, 06:59:43

Dataset: inj_cora, Model: DOMINANT

Hyper-Parameter Setting:
hid_dim=1024
dropout=0.000000
weight=0.5
weight_decay=0.000000
lr=0.004000
gpu=0

ROC-AUC:
AUC:    0.7675±0.0001 (0.7675)
AP:     0.1830±0.0002 (0.1833)
Recall: 0.2826±0.0000 (0.2826)
**************************************************