**************************************************
Start Date-Time: 16/08/2023, 09:07:24

Dataset: inj_cora, Model: DOMINANT

Hyper-Parameter Setting:
hid_dim=1024
dropout=0.700000
weight=0.5
weight_decay=0.000000
lr=0.010000
gpu=0

ROC-AUC:
AUC:    0.7602±0.0029 (0.7643)
AP:     0.1521±0.0049 (0.1579)
Recall: 0.1896±0.0085 (0.2029)
**************************************************