**************************************************
Start Date-Time: 16/08/2023, 07:42:39

Dataset: inj_cora, Model: DOMINANT

Hyper-Parameter Setting:
hid_dim=1024
dropout=0.100000
weight=0.5
weight_decay=0.010000
lr=0.050000
gpu=0

ROC-AUC:
AUC:    0.6004±0.0439 (0.6595)
AP:     0.0763±0.0197 (0.1124)
Recall: 0.0966±0.0441 (0.1667)
**************************************************