**************************************************
Start Date-Time: 16/08/2023, 09:11:14

Dataset: inj_cora, Model: DOMINANT

Hyper-Parameter Setting:
hid_dim=1024
dropout=0.700000
weight=0.5
weight_decay=0.000000
lr=0.100000
gpu=0

ROC-AUC:
AUC:    0.4661±0.0967 (0.6049)
AP:     0.0529±0.0138 (0.0744)
Recall: 0.0519±0.0168 (0.0725)
**************************************************