**************************************************
Start Date-Time: 16/08/2023, 08:04:12

Dataset: inj_cora, Model: DOMINANT

Hyper-Parameter Setting:
hid_dim=1024
dropout=0.300000
weight=0.5
weight_decay=0.000000
lr=0.010000
gpu=0

ROC-AUC:
AUC:    0.7579±0.0105 (0.7687)
AP:     0.1480±0.0165 (0.1672)
Recall: 0.1860±0.0377 (0.2246)
**************************************************