**************************************************
Start Date-Time: 16/08/2023, 07:09:29

Dataset: inj_cora, Model: DOMINANT

Hyper-Parameter Setting:
hid_dim=1024
dropout=0.000000
weight=0.5
weight_decay=0.010000
lr=0.010000
gpu=0

ROC-AUC:
AUC:    0.5951±0.1216 (0.7236)
AP:     0.0755±0.0241 (0.1057)
Recall: 0.0809±0.0288 (0.1232)
**************************************************