**************************************************
Start Date-Time: 16/08/2023, 07:13:21

Dataset: inj_cora, Model: DOMINANT

Hyper-Parameter Setting:
hid_dim=1024
dropout=0.000000
weight=0.5
weight_decay=0.010000
lr=0.100000
gpu=0

ROC-AUC:
AUC:    0.5581±0.0654 (0.6654)
AP:     0.0665±0.0162 (0.0974)
Recall: 0.0749±0.0176 (0.1087)
**************************************************