**************************************************
Start Date-Time: 16/08/2023, 07:11:25

Dataset: inj_cora, Model: DOMINANT

Hyper-Parameter Setting:
hid_dim=1024
dropout=0.000000
weight=0.5
weight_decay=0.010000
lr=0.050000
gpu=0

ROC-AUC:
AUC:    0.5192±0.1074 (0.6543)
AP:     0.0627±0.0206 (0.0919)
Recall: 0.0725±0.0283 (0.1087)
**************************************************