**************************************************
Start Date-Time: 16/08/2023, 08:14:19

Dataset: inj_cora, Model: DOMINANT

Hyper-Parameter Setting:
hid_dim=1024
dropout=0.300000
weight=0.5
weight_decay=0.010000
lr=0.050000
gpu=0

ROC-AUC:
AUC:    0.5384±0.0898 (0.6389)
AP:     0.0677±0.0215 (0.0931)
Recall: 0.0870±0.0352 (0.1304)
**************************************************