**************************************************
Start Date-Time: 16/08/2023, 07:32:55

Dataset: inj_cora, Model: DOMINANT

Hyper-Parameter Setting:
hid_dim=1024
dropout=0.100000
weight=0.5
weight_decay=0.000000
lr=0.010000
gpu=0

ROC-AUC:
AUC:    0.7540±0.0062 (0.7639)
AP:     0.1419±0.0099 (0.1590)
Recall: 0.1715±0.0232 (0.2101)
**************************************************