**************************************************
Start Date-Time: 16/08/2023, 09:09:19

Dataset: inj_cora, Model: DOMINANT

Hyper-Parameter Setting:
hid_dim=1024
dropout=0.700000
weight=0.5
weight_decay=0.000000
lr=0.050000
gpu=0

ROC-AUC:
AUC:    0.4707±0.0725 (0.5955)
AP:     0.0526±0.0098 (0.0710)
Recall: 0.0580±0.0092 (0.0725)
**************************************************