**************************************************
Start Date-Time: 16/08/2023, 08:44:03

Dataset: inj_cora, Model: DOMINANT

Hyper-Parameter Setting:
hid_dim=1024
dropout=0.500000
weight=0.5
weight_decay=0.010000
lr=0.010000
gpu=0

ROC-AUC:
AUC:    0.5965±0.0909 (0.7085)
AP:     0.0704±0.0196 (0.0956)
Recall: 0.0604±0.0262 (0.0870)
**************************************************