**************************************************
Start Date-Time: 16/08/2023, 08:38:12

Dataset: inj_cora, Model: DOMINANT

Hyper-Parameter Setting:
hid_dim=1024
dropout=0.500000
weight=0.5
weight_decay=0.000000
lr=0.050000
gpu=0

ROC-AUC:
AUC:    0.4761±0.0761 (0.5831)
AP:     0.0533±0.0098 (0.0679)
Recall: 0.0592±0.0125 (0.0725)
**************************************************