**************************************************
Start Date-Time: 16/08/2023, 08:06:18

Dataset: inj_cora, Model: DOMINANT

Hyper-Parameter Setting:
hid_dim=1024
dropout=0.300000
weight=0.5
weight_decay=0.000000
lr=0.050000
gpu=0

ROC-AUC:
AUC:    0.4288±0.0399 (0.5073)
AP:     0.0473±0.0041 (0.0554)
Recall: 0.0495±0.0085 (0.0652)
**************************************************