**************************************************
Start Date-Time: 16/08/2023, 09:17:01

Dataset: inj_cora, Model: DOMINANT

Hyper-Parameter Setting:
hid_dim=1024
dropout=0.700000
weight=0.5
weight_decay=0.010000
lr=0.050000
gpu=0

ROC-AUC:
AUC:    0.4829±0.0725 (0.5913)
AP:     0.0537±0.0099 (0.0705)
Recall: 0.0616±0.0110 (0.0725)
**************************************************