**************************************************
Start Date-Time: 16/08/2023, 08:40:09

Dataset: inj_cora, Model: DOMINANT

Hyper-Parameter Setting:
hid_dim=1024
dropout=0.500000
weight=0.5
weight_decay=0.000000
lr=0.100000
gpu=0

ROC-AUC:
AUC:    0.5974±0.0124 (0.6085)
AP:     0.0724±0.0033 (0.0747)
Recall: 0.0725±0.0000 (0.0725)
**************************************************