**************************************************
Start Date-Time: 18/08/2023, 16:37:22

Dataset: inj_cora, Model: DOMINANT

Hyper-Parameter Setting:
hid_dim=1024
dropout=0.300000
weight=0.2
weight_decay=0.000000
lr=0.050000
gpu=0

ROC-AUC:
AUC:    0.5617±0.0731 (0.5989)
AP:     0.0666±0.0107 (0.0735)
Recall: 0.0688±0.0089 (0.0725)
**************************************************