**************************************************
Start Date-Time: 18/08/2023, 17:53:00

Dataset: inj_cora, Model: DOMINANT

Hyper-Parameter Setting:
hid_dim=1024
dropout=0.500000
weight=0.5
weight_decay=0.000000
lr=0.010000
gpu=0

ROC-AUC:
AUC:    0.7583±0.0087 (0.7675)
AP:     0.1477±0.0133 (0.1630)
Recall: 0.1812±0.0337 (0.2174)
**************************************************