**************************************************
Start Date-Time: 18/08/2023, 14:39:28

Dataset: inj_cora, Model: DOMINANT

Hyper-Parameter Setting:
hid_dim=1024
dropout=0.000000
weight=0.2
weight_decay=0.010000
lr=0.004000
gpu=0

ROC-AUC:
AUC:    0.7562±0.0001 (0.7565)
AP:     0.1783±0.0004 (0.1789)
Recall: 0.2959±0.0030 (0.2971)
**************************************************