**************************************************
Start Date-Time: 18/08/2023, 18:42:59

Dataset: inj_cora, Model: DOMINANT

Hyper-Parameter Setting:
hid_dim=1024
dropout=0.700000
weight=0.2
weight_decay=0.000000
lr=0.100000
gpu=0

ROC-AUC:
AUC:    0.5305±0.1045 (0.6076)
AP:     0.0624±0.0158 (0.0746)
Recall: 0.0592±0.0207 (0.0725)
**************************************************