**************************************************
Start Date-Time: 18/08/2023, 19:32:24

Dataset: inj_cora, Model: DOMINANT

Hyper-Parameter Setting:
hid_dim=1024
dropout=0.700000
weight=0.8
weight_decay=0.010000
lr=0.010000
gpu=0

ROC-AUC:
AUC:    0.7243±0.0600 (0.7808)
AP:     0.1031±0.0193 (0.1259)
Recall: 0.0990±0.0254 (0.1304)
**************************************************