**************************************************
Start Date-Time: 18/08/2023, 15:01:02

Dataset: inj_cora, Model: DOMINANT

Hyper-Parameter Setting:
hid_dim=1024
dropout=0.000000
weight=0.5
weight_decay=0.010000
lr=0.100000
gpu=0

ROC-AUC:
AUC:    0.5397±0.1223 (0.6715)
AP:     0.0744±0.0350 (0.1212)
Recall: 0.0857±0.0634 (0.1739)
**************************************************