**************************************************
Start Date-Time: 18/08/2023, 15:28:20

Dataset: inj_cora, Model: DOMINANT

Hyper-Parameter Setting:
hid_dim=1024
dropout=0.000000
weight=0.8
weight_decay=0.010000
lr=0.050000
gpu=0

ROC-AUC:
AUC:    0.5681±0.0342 (0.6010)
AP:     0.0662±0.0077 (0.0741)
Recall: 0.0761±0.0182 (0.0942)
**************************************************