**************************************************
Start Date-Time: 18/08/2023, 15:42:03

Dataset: inj_cora, Model: DOMINANT

Hyper-Parameter Setting:
hid_dim=1024
dropout=0.100000
weight=0.2
weight_decay=0.010000
lr=0.010000
gpu=0

ROC-AUC:
AUC:    0.6033±0.0588 (0.6647)
AP:     0.0722±0.0161 (0.0895)
Recall: 0.0640±0.0212 (0.0870)
**************************************************