**************************************************
Start Date-Time: 18/08/2023, 16:31:26

Dataset: inj_cora, Model: DOMINANT

Hyper-Parameter Setting:
hid_dim=1024
dropout=0.100000
weight=0.8
weight_decay=0.010000
lr=0.100000
gpu=0

ROC-AUC:
AUC:    0.5818±0.0832 (0.6812)
AP:     0.0767±0.0245 (0.1140)
Recall: 0.1014±0.0516 (0.1812)
**************************************************