**************************************************
Start Date-Time: 18/08/2023, 16:33:25

Dataset: inj_cora, Model: DOMINANT

Hyper-Parameter Setting:
hid_dim=1024
dropout=0.300000
weight=0.2
weight_decay=0.000000
lr=0.004000
gpu=0

ROC-AUC:
AUC:    0.7547±0.0002 (0.7549)
AP:     0.1758±0.0002 (0.1760)
Recall: 0.2754±0.0000 (0.2754)
**************************************************