**************************************************
Start Date-Time: 18/08/2023, 17:37:04

Dataset: inj_cora, Model: DOMINANT

Hyper-Parameter Setting:
hid_dim=1024
dropout=0.500000
weight=0.2
weight_decay=0.000000
lr=0.010000
gpu=0

ROC-AUC:
AUC:    0.7240±0.0116 (0.7394)
AP:     0.1263±0.0150 (0.1509)
Recall: 0.1473±0.0419 (0.2246)
**************************************************