**************************************************
Start Date-Time: 18/08/2023, 16:27:26

Dataset: inj_cora, Model: DOMINANT

Hyper-Parameter Setting:
hid_dim=1024
dropout=0.100000
weight=0.8
weight_decay=0.010000
lr=0.010000
gpu=0

ROC-AUC:
AUC:    0.6377±0.0405 (0.7020)
AP:     0.0760±0.0086 (0.0871)
Recall: 0.0749±0.0181 (0.1087)
**************************************************