**************************************************
Start Date-Time: 18/08/2023, 17:18:26

Dataset: inj_cora, Model: DOMINANT

Hyper-Parameter Setting:
hid_dim=1024
dropout=0.300000
weight=0.8
weight_decay=0.000000
lr=0.050000
gpu=0

ROC-AUC:
AUC:    0.4144±0.0274 (0.4703)
AP:     0.0458±0.0026 (0.0511)
Recall: 0.0471±0.0089 (0.0652)
**************************************************