**************************************************
Start Date-Time: 18/08/2023, 17:03:14

Dataset: inj_cora, Model: DOMINANT

Hyper-Parameter Setting:
hid_dim=1024
dropout=0.300000
weight=0.5
weight_decay=0.010000
lr=0.100000
gpu=0

ROC-AUC:
AUC:    0.5611±0.0838 (0.6334)
AP:     0.0694±0.0161 (0.0881)
Recall: 0.0785±0.0379 (0.1449)
**************************************************