**************************************************
Start Date-Time: 18/08/2023, 15:38:07

Dataset: inj_cora, Model: DOMINANT

Hyper-Parameter Setting:
hid_dim=1024
dropout=0.100000
weight=0.2
weight_decay=0.000000
lr=0.100000
gpu=0

ROC-AUC:
AUC:    0.4638±0.0886 (0.5974)
AP:     0.0508±0.0131 (0.0722)
Recall: 0.0483±0.0241 (0.0725)
**************************************************