**************************************************
Start Date-Time: 18/08/2023, 18:49:01

Dataset: inj_cora, Model: DOMINANT

Hyper-Parameter Setting:
hid_dim=1024
dropout=0.700000
weight=0.2
weight_decay=0.010000
lr=0.050000
gpu=0

ROC-AUC:
AUC:    0.4587±0.0561 (0.5361)
AP:     0.0482±0.0072 (0.0593)
Recall: 0.0411±0.0223 (0.0725)
**************************************************