**************************************************
Start Date-Time: 18/08/2023, 14:49:20

Dataset: inj_cora, Model: DOMINANT

Hyper-Parameter Setting:
hid_dim=1024
dropout=0.000000
weight=0.5
weight_decay=0.000000
lr=0.010000
gpu=0

ROC-AUC:
AUC:    0.7517±0.0090 (0.7592)
AP:     0.1373±0.0112 (0.1466)
Recall: 0.1630±0.0310 (0.1884)
**************************************************