**************************************************
Start Date-Time: 18/08/2023, 14:45:24

Dataset: inj_cora, Model: DOMINANT

Hyper-Parameter Setting:
hid_dim=1024
dropout=0.000000
weight=0.2
weight_decay=0.010000
lr=0.100000
gpu=0

ROC-AUC:
AUC:    0.5171±0.0893 (0.6086)
AP:     0.0598±0.0148 (0.0777)
Recall: 0.0640±0.0207 (0.0797)
**************************************************