**************************************************
Start Date-Time: 18/08/2023, 16:47:19

Dataset: inj_cora, Model: DOMINANT

Hyper-Parameter Setting:
hid_dim=1024
dropout=0.300000
weight=0.2
weight_decay=0.010000
lr=0.100000
gpu=0

ROC-AUC:
AUC:    0.4764±0.0917 (0.6451)
AP:     0.0518±0.0172 (0.0857)
Recall: 0.0374±0.0236 (0.0725)
**************************************************