**************************************************
Start Date-Time: 18/08/2023, 17:51:00

Dataset: inj_cora, Model: DOMINANT

Hyper-Parameter Setting:
hid_dim=1024
dropout=0.500000
weight=0.5
weight_decay=0.000000
lr=0.004000
gpu=0

ROC-AUC:
AUC:    0.7675±0.0000 (0.7675)
AP:     0.1831±0.0000 (0.1832)
Recall: 0.2826±0.0000 (0.2826)
**************************************************