**************************************************
Start Date-Time: 18/08/2023, 16:51:18

Dataset: inj_cora, Model: DOMINANT

Hyper-Parameter Setting:
hid_dim=1024
dropout=0.300000
weight=0.5
weight_decay=0.000000
lr=0.010000
gpu=0

ROC-AUC:
AUC:    0.7581±0.0078 (0.7672)
AP:     0.1466±0.0126 (0.1624)
Recall: 0.1824±0.0249 (0.2174)
**************************************************