**************************************************
Start Date-Time: 18/08/2023, 17:43:00

Dataset: inj_cora, Model: DOMINANT

Hyper-Parameter Setting:
hid_dim=1024
dropout=0.500000
weight=0.2
weight_decay=0.010000
lr=0.004000
gpu=0

ROC-AUC:
AUC:    0.7564±0.0003 (0.7567)
AP:     0.1784±0.0006 (0.1791)
Recall: 0.2959±0.0030 (0.2971)
**************************************************