**************************************************
Start Date-Time: 18/08/2023, 19:08:48

Dataset: inj_cora, Model: DOMINANT

Hyper-Parameter Setting:
hid_dim=1024
dropout=0.700000
weight=0.8
weight_decay=0.000000
lr=0.004000
gpu=0

ROC-AUC:
AUC:    0.8336±0.0001 (0.8339)
AP:     0.2105±0.0001 (0.2108)
Recall: 0.2540±0.0016 (0.2609)
**************************************************