**************************************************
Start Date-Time: 18/08/2023, 17:01:14

Dataset: inj_cora, Model: DOMINANT

Hyper-Parameter Setting:
hid_dim=1024
dropout=0.300000
weight=0.5
weight_decay=0.010000
lr=0.050000
gpu=0

ROC-AUC:
AUC:    0.5160±0.0846 (0.6679)
AP:     0.0618±0.0244 (0.1110)
Recall: 0.0785±0.0541 (0.1884)
**************************************************