**************************************************
Start Date-Time: 18/08/2023, 18:38:57

Dataset: inj_cora, Model: DOMINANT

Hyper-Parameter Setting:
hid_dim=1024
dropout=0.700000
weight=0.2
weight_decay=0.000000
lr=0.010000
gpu=0

ROC-AUC:
AUC:    0.7235±0.0103 (0.7404)
AP:     0.1253±0.0153 (0.1536)
Recall: 0.1413±0.0460 (0.2319)
**************************************************