**************************************************
Start Date-Time: 18/08/2023, 16:10:17

Dataset: inj_cora, Model: DOMINANT

Hyper-Parameter Setting:
hid_dim=1024
dropout=0.100000
weight=0.8
weight_decay=0.000000
lr=0.010000
gpu=0

ROC-AUC:
AUC:    0.8298±0.0050 (0.8356)
AP:     0.1958±0.0092 (0.2064)
Recall: 0.2297±0.0103 (0.2464)
**************************************************