**************************************************
Start Date-Time: 18/08/2023, 17:47:00

Dataset: inj_cora, Model: DOMINANT

Hyper-Parameter Setting:
hid_dim=1024
dropout=0.500000
weight=0.2
weight_decay=0.010000
lr=0.050000
gpu=0

ROC-AUC:
AUC:    0.5301±0.0800 (0.6285)
AP:     0.0608±0.0134 (0.0798)
Recall: 0.0688±0.0204 (0.1087)
**************************************************