**************************************************
Start Date-Time: 18/08/2023, 14:51:17

Dataset: inj_cora, Model: DOMINANT

Hyper-Parameter Setting:
hid_dim=1024
dropout=0.000000
weight=0.5
weight_decay=0.000000
lr=0.050000
gpu=0

ROC-AUC:
AUC:    0.4858±0.0694 (0.5955)
AP:     0.0543±0.0094 (0.0710)
Recall: 0.0616±0.0110 (0.0725)
**************************************************