**************************************************
Start Date-Time: 18/08/2023, 16:01:45

Dataset: inj_cora, Model: DOMINANT

Hyper-Parameter Setting:
hid_dim=1024
dropout=0.100000
weight=0.5
weight_decay=0.010000
lr=0.100000
gpu=0

ROC-AUC:
AUC:    0.5542±0.0747 (0.5982)
AP:     0.0660±0.0105 (0.0729)
Recall: 0.0700±0.0142 (0.0870)
**************************************************