**************************************************
Start Date-Time: 18/08/2023, 18:34:52

Dataset: inj_cora, Model: DOMINANT

Hyper-Parameter Setting:
hid_dim=1024
dropout=0.500000
weight=0.8
weight_decay=0.010000
lr=0.100000
gpu=0

ROC-AUC:
AUC:    0.4612±0.0771 (0.5704)
AP:     0.0499±0.0093 (0.0652)
Recall: 0.0471±0.0176 (0.0725)
**************************************************