**************************************************
Start Date-Time: 18/08/2023, 17:56:57

Dataset: inj_cora, Model: DOMINANT

Hyper-Parameter Setting:
hid_dim=1024
dropout=0.500000
weight=0.5
weight_decay=0.000000
lr=0.100000
gpu=0

ROC-AUC:
AUC:    0.5625±0.0672 (0.6096)
AP:     0.0668±0.0116 (0.0748)
Recall: 0.0688±0.0061 (0.0725)
**************************************************