**************************************************
Start Date-Time: 18/08/2023, 16:18:48

Dataset: inj_cora, Model: DOMINANT

Hyper-Parameter Setting:
hid_dim=1024
dropout=0.100000
weight=0.8
weight_decay=0.000000
lr=0.100000
gpu=0

ROC-AUC:
AUC:    0.4833±0.1025 (0.6092)
AP:     0.0549±0.0153 (0.0747)
Recall: 0.0507±0.0215 (0.0725)
**************************************************