**************************************************
Start Date-Time: 18/08/2023, 15:02:58

Dataset: inj_cora, Model: DOMINANT

Hyper-Parameter Setting:
hid_dim=1024
dropout=0.000000
weight=0.8
weight_decay=0.000000
lr=0.004000
gpu=0

ROC-AUC:
AUC:    0.8339±0.0002 (0.8342)
AP:     0.2108±0.0002 (0.2112)
Recall: 0.2536±0.0000 (0.2536)
**************************************************