**************************************************
Start Date-Time: 18/08/2023, 17:39:03

Dataset: inj_cora, Model: DOMINANT

Hyper-Parameter Setting:
hid_dim=1024
dropout=0.500000
weight=0.2
weight_decay=0.000000
lr=0.050000
gpu=0

ROC-AUC:
AUC:    0.5768±0.0360 (0.5980)
AP:     0.0679±0.0068 (0.0731)
Recall: 0.0713±0.0030 (0.0725)
**************************************************