**************************************************
Start Date-Time: 18/08/2023, 14:31:39

Dataset: inj_cora, Model: DOMINANT

Hyper-Parameter Setting:
hid_dim=1024
dropout=0.000000
weight=0.2
weight_decay=0.000000
lr=0.004000
gpu=0

ROC-AUC:
AUC:    0.7546±0.0002 (0.7548)
AP:     0.1757±0.0002 (0.1759)
Recall: 0.2754±0.0000 (0.2754)
**************************************************