**************************************************
Start Date-Time: 18/08/2023, 19:21:53

Dataset: inj_cora, Model: DOMINANT

Hyper-Parameter Setting:
hid_dim=1024
dropout=0.700000
weight=0.8
weight_decay=0.000000
lr=0.050000
gpu=0

ROC-AUC:
AUC:    0.5129±0.0819 (0.5942)
AP:     0.0583±0.0110 (0.0704)
Recall: 0.0616±0.0128 (0.0725)
**************************************************