**************************************************
Start Date-Time: 18/08/2023, 14:43:26

Dataset: inj_cora, Model: DOMINANT

Hyper-Parameter Setting:
hid_dim=1024
dropout=0.000000
weight=0.2
weight_decay=0.010000
lr=0.050000
gpu=0

ROC-AUC:
AUC:    0.6316±0.0646 (0.7038)
AP:     0.0990±0.0353 (0.1453)
Recall: 0.1389±0.0761 (0.2174)
**************************************************