**************************************************
Start Date-Time: 18/08/2023, 19:00:52

Dataset: inj_cora, Model: DOMINANT

Hyper-Parameter Setting:
hid_dim=1024
dropout=0.700000
weight=0.5
weight_decay=0.010000
lr=0.004000
gpu=0

ROC-AUC:
AUC:    0.7675±0.0001 (0.7676)
AP:     0.1839±0.0000 (0.1840)
Recall: 0.2826±0.0000 (0.2826)
**************************************************