**************************************************
Start Date-Time: 18/08/2023, 15:59:46

Dataset: inj_cora, Model: DOMINANT

Hyper-Parameter Setting:
hid_dim=1024
dropout=0.100000
weight=0.5
weight_decay=0.010000
lr=0.050000
gpu=0

ROC-AUC:
AUC:    0.5344±0.0886 (0.6183)
AP:     0.0628±0.0162 (0.0830)
Recall: 0.0713±0.0309 (0.1159)
**************************************************