**************************************************
Start Date-Time: 18/08/2023, 15:15:54

Dataset: inj_cora, Model: DOMINANT

Hyper-Parameter Setting:
hid_dim=1024
dropout=0.000000
weight=0.8
weight_decay=0.000000
lr=0.050000
gpu=0

ROC-AUC:
AUC:    0.5743±0.0552 (0.5985)
AP:     0.0681±0.0088 (0.0729)
Recall: 0.0713±0.0030 (0.0725)
**************************************************