**************************************************
Start Date-Time: 18/08/2023, 16:53:17

Dataset: inj_cora, Model: DOMINANT

Hyper-Parameter Setting:
hid_dim=1024
dropout=0.300000
weight=0.5
weight_decay=0.000000
lr=0.050000
gpu=0

ROC-AUC:
AUC:    0.4202±0.0283 (0.4727)
AP:     0.0463±0.0028 (0.0515)
Recall: 0.0483±0.0088 (0.0652)
**************************************************