**************************************************
Start Date-Time: 18/08/2023, 17:20:25

Dataset: inj_cora, Model: DOMINANT

Hyper-Parameter Setting:
hid_dim=1024
dropout=0.300000
weight=0.8
weight_decay=0.000000
lr=0.100000
gpu=0

ROC-AUC:
AUC:    0.5157±0.0986 (0.6097)
AP:     0.0592±0.0146 (0.0748)
Recall: 0.0592±0.0186 (0.0725)
**************************************************