**************************************************
Start Date-Time: 18/08/2023, 16:16:50

Dataset: inj_cora, Model: DOMINANT

Hyper-Parameter Setting:
hid_dim=1024
dropout=0.100000
weight=0.8
weight_decay=0.000000
lr=0.050000
gpu=0

ROC-AUC:
AUC:    0.5132±0.0945 (0.5983)
AP:     0.0598±0.0141 (0.0733)
Recall: 0.0628±0.0127 (0.0725)
**************************************************