**************************************************
Start Date-Time: 18/08/2023, 16:39:21

Dataset: inj_cora, Model: DOMINANT

Hyper-Parameter Setting:
hid_dim=1024
dropout=0.300000
weight=0.2
weight_decay=0.000000
lr=0.100000
gpu=0

ROC-AUC:
AUC:    0.5121±0.0818 (0.6102)
AP:     0.0578±0.0120 (0.0748)
Recall: 0.0628±0.0176 (0.0725)
**************************************************