**************************************************
Start Date-Time: 18/08/2023, 17:45:01

Dataset: inj_cora, Model: DOMINANT

Hyper-Parameter Setting:
hid_dim=1024
dropout=0.500000
weight=0.2
weight_decay=0.010000
lr=0.010000
gpu=0

ROC-AUC:
AUC:    0.6349±0.0741 (0.7248)
AP:     0.0812±0.0216 (0.1197)
Recall: 0.0737±0.0291 (0.1304)
**************************************************