**************************************************
Start Date-Time: 18/08/2023, 18:44:59

Dataset: inj_cora, Model: DOMINANT

Hyper-Parameter Setting:
hid_dim=1024
dropout=0.700000
weight=0.2
weight_decay=0.010000
lr=0.004000
gpu=0

ROC-AUC:
AUC:    0.7566±0.0003 (0.7568)
AP:     0.1788±0.0004 (0.1793)
Recall: 0.2959±0.0030 (0.2971)
**************************************************