**************************************************
Start Date-Time: 18/08/2023, 16:35:24

Dataset: inj_cora, Model: DOMINANT

Hyper-Parameter Setting:
hid_dim=1024
dropout=0.300000
weight=0.2
weight_decay=0.000000
lr=0.010000
gpu=0

ROC-AUC:
AUC:    0.7296±0.0068 (0.7390)
AP:     0.1342±0.0106 (0.1503)
Recall: 0.1643±0.0380 (0.2246)
**************************************************