**************************************************
Start Date-Time: 18/08/2023, 16:59:14

Dataset: inj_cora, Model: DOMINANT

Hyper-Parameter Setting:
hid_dim=1024
dropout=0.300000
weight=0.5
weight_decay=0.010000
lr=0.010000
gpu=0

ROC-AUC:
AUC:    0.6594±0.0666 (0.7160)
AP:     0.0837±0.0172 (0.1016)
Recall: 0.0725±0.0225 (0.1014)
**************************************************