**************************************************
Start Date-Time: 18/08/2023, 16:43:19

Dataset: inj_cora, Model: DOMINANT

Hyper-Parameter Setting:
hid_dim=1024
dropout=0.300000
weight=0.2
weight_decay=0.010000
lr=0.010000
gpu=0

ROC-AUC:
AUC:    0.6319±0.0967 (0.7366)
AP:     0.0853±0.0310 (0.1370)
Recall: 0.0882±0.0488 (0.1739)
**************************************************