**************************************************
Start Date-Time: 18/08/2023, 18:20:08

Dataset: inj_cora, Model: DOMINANT

Hyper-Parameter Setting:
hid_dim=1024
dropout=0.500000
weight=0.8
weight_decay=0.000000
lr=0.050000
gpu=0

ROC-AUC:
AUC:    0.4974±0.0864 (0.5979)
AP:     0.0569±0.0127 (0.0727)
Recall: 0.0604±0.0135 (0.0725)
**************************************************