**************************************************
Start Date-Time: 18/08/2023, 18:02:56

Dataset: inj_cora, Model: DOMINANT

Hyper-Parameter Setting:
hid_dim=1024
dropout=0.500000
weight=0.5
weight_decay=0.010000
lr=0.050000
gpu=0

ROC-AUC:
AUC:    0.5329±0.0681 (0.6174)
AP:     0.0580±0.0113 (0.0717)
Recall: 0.0519±0.0133 (0.0652)
**************************************************