**************************************************
Start Date-Time: 18/08/2023, 17:33:05

Dataset: inj_cora, Model: DOMINANT

Hyper-Parameter Setting:
hid_dim=1024
dropout=0.300000
weight=0.8
weight_decay=0.010000
lr=0.100000
gpu=0

ROC-AUC:
AUC:    0.4905±0.0790 (0.6115)
AP:     0.0553±0.0115 (0.0749)
Recall: 0.0592±0.0116 (0.0725)
**************************************************