**************************************************
Start Date-Time: 18/08/2023, 15:53:52

Dataset: inj_cora, Model: DOMINANT

Hyper-Parameter Setting:
hid_dim=1024
dropout=0.100000
weight=0.5
weight_decay=0.000000
lr=0.100000
gpu=0

ROC-AUC:
AUC:    0.4892±0.0957 (0.6091)
AP:     0.0552±0.0137 (0.0747)
Recall: 0.0556±0.0198 (0.0725)
**************************************************