**************************************************
Start Date-Time: 18/08/2023, 15:49:57

Dataset: inj_cora, Model: DOMINANT

Hyper-Parameter Setting:
hid_dim=1024
dropout=0.100000
weight=0.5
weight_decay=0.000000
lr=0.010000
gpu=0

ROC-AUC:
AUC:    0.7478±0.0093 (0.7584)
AP:     0.1328±0.0098 (0.1435)
Recall: 0.1486±0.0303 (0.1884)
**************************************************