**************************************************
Start Date-Time: 18/08/2023, 18:47:01

Dataset: inj_cora, Model: DOMINANT

Hyper-Parameter Setting:
hid_dim=1024
dropout=0.700000
weight=0.2
weight_decay=0.010000
lr=0.010000
gpu=0

ROC-AUC:
AUC:    0.6705±0.0473 (0.7524)
AP:     0.0974±0.0386 (0.1744)
Recall: 0.1063±0.0814 (0.2681)
**************************************************