**************************************************
Start Date-Time: 18/08/2023, 15:44:02

Dataset: inj_cora, Model: DOMINANT

Hyper-Parameter Setting:
hid_dim=1024
dropout=0.100000
weight=0.2
weight_decay=0.010000
lr=0.050000
gpu=0

ROC-AUC:
AUC:    0.5013±0.0912 (0.6264)
AP:     0.0572±0.0133 (0.0759)
Recall: 0.0592±0.0319 (0.0942)
**************************************************