**************************************************
Start Date-Time: 18/08/2023, 16:41:19

Dataset: inj_cora, Model: DOMINANT

Hyper-Parameter Setting:
hid_dim=1024
dropout=0.300000
weight=0.2
weight_decay=0.010000
lr=0.004000
gpu=0

ROC-AUC:
AUC:    0.7562±0.0003 (0.7567)
AP:     0.1785±0.0004 (0.1790)
Recall: 0.2947±0.0037 (0.2971)
**************************************************