**************************************************
Start Date-Time: 18/08/2023, 19:15:21

Dataset: inj_cora, Model: DOMINANT

Hyper-Parameter Setting:
hid_dim=1024
dropout=0.700000
weight=0.8
weight_decay=0.000000
lr=0.010000
gpu=0

ROC-AUC:
AUC:    0.8321±0.0018 (0.8343)
AP:     0.2055±0.0045 (0.2101)
Recall: 0.2507±0.0079 (0.2609)
**************************************************