**************************************************
Start Date-Time: 18/08/2023, 18:00:56

Dataset: inj_cora, Model: DOMINANT

Hyper-Parameter Setting:
hid_dim=1024
dropout=0.500000
weight=0.5
weight_decay=0.010000
lr=0.010000
gpu=0

ROC-AUC:
AUC:    0.6296±0.1000 (0.7131)
AP:     0.0780±0.0202 (0.1020)
Recall: 0.0676±0.0176 (0.0870)
**************************************************