**************************************************
Start Date-Time: 18/08/2023, 15:17:51

Dataset: inj_cora, Model: DOMINANT

Hyper-Parameter Setting:
hid_dim=1024
dropout=0.000000
weight=0.8
weight_decay=0.000000
lr=0.100000
gpu=0

ROC-AUC:
AUC:    0.3969±0.0032 (0.4020)
AP:     0.0426±0.0013 (0.0446)
Recall: 0.0326±0.0061 (0.0435)
**************************************************