**************************************************
Start Date-Time: 18/08/2023, 16:29:26

Dataset: inj_cora, Model: DOMINANT

Hyper-Parameter Setting:
hid_dim=1024
dropout=0.100000
weight=0.8
weight_decay=0.010000
lr=0.050000
gpu=0

ROC-AUC:
AUC:    0.5108±0.0876 (0.6314)
AP:     0.0531±0.0118 (0.0744)
Recall: 0.0399±0.0170 (0.0725)
**************************************************