**************************************************
Start Date-Time: 18/08/2023, 19:02:51

Dataset: inj_cora, Model: DOMINANT

Hyper-Parameter Setting:
hid_dim=1024
dropout=0.700000
weight=0.5
weight_decay=0.010000
lr=0.010000
gpu=0

ROC-AUC:
AUC:    0.6719±0.0300 (0.7061)
AP:     0.0874±0.0079 (0.0980)
Recall: 0.0833±0.0076 (0.0942)
**************************************************