**************************************************
Start Date-Time: 18/08/2023, 18:22:07

Dataset: inj_cora, Model: DOMINANT

Hyper-Parameter Setting:
hid_dim=1024
dropout=0.500000
weight=0.8
weight_decay=0.000000
lr=0.100000
gpu=0

ROC-AUC:
AUC:    0.4269±0.0620 (0.5533)
AP:     0.0472±0.0073 (0.0621)
Recall: 0.0459±0.0135 (0.0725)
**************************************************