**************************************************
Start Date-Time: 18/08/2023, 18:30:45

Dataset: inj_cora, Model: DOMINANT

Hyper-Parameter Setting:
hid_dim=1024
dropout=0.500000
weight=0.8
weight_decay=0.010000
lr=0.010000
gpu=0

ROC-AUC:
AUC:    0.6351±0.0865 (0.7113)
AP:     0.0807±0.0082 (0.0898)
Recall: 0.0845±0.0135 (0.1087)
**************************************************