**************************************************
Start Date-Time: 18/08/2023, 17:11:51

Dataset: inj_cora, Model: DOMINANT

Hyper-Parameter Setting:
hid_dim=1024
dropout=0.300000
weight=0.8
weight_decay=0.000000
lr=0.010000
gpu=0

ROC-AUC:
AUC:    0.8306±0.0041 (0.8355)
AP:     0.1985±0.0084 (0.2076)
Recall: 0.2341±0.0108 (0.2536)
**************************************************