**************************************************
Start Date-Time: 18/08/2023, 18:58:54

Dataset: inj_cora, Model: DOMINANT

Hyper-Parameter Setting:
hid_dim=1024
dropout=0.700000
weight=0.5
weight_decay=0.000000
lr=0.100000
gpu=0

ROC-AUC:
AUC:    0.4711±0.0740 (0.5947)
AP:     0.0520±0.0105 (0.0707)
Recall: 0.0556±0.0181 (0.0725)
**************************************************