**************************************************
Start Date-Time: 18/08/2023, 19:06:49

Dataset: inj_cora, Model: DOMINANT

Hyper-Parameter Setting:
hid_dim=1024
dropout=0.700000
weight=0.5
weight_decay=0.010000
lr=0.100000
gpu=0

ROC-AUC:
AUC:    0.5054±0.0346 (0.5486)
AP:     0.0537±0.0036 (0.0594)
Recall: 0.0556±0.0163 (0.0725)
**************************************************