**************************************************
Start Date-Time: 18/08/2023, 16:45:20

Dataset: inj_cora, Model: DOMINANT

Hyper-Parameter Setting:
hid_dim=1024
dropout=0.300000
weight=0.2
weight_decay=0.010000
lr=0.050000
gpu=0

ROC-AUC:
AUC:    0.5356±0.1111 (0.6540)
AP:     0.0611±0.0164 (0.0819)
Recall: 0.0519±0.0249 (0.0725)
**************************************************