**************************************************
Start Date-Time: 18/08/2023, 19:34:23

Dataset: inj_cora, Model: DOMINANT

Hyper-Parameter Setting:
hid_dim=1024
dropout=0.700000
weight=0.8
weight_decay=0.010000
lr=0.050000
gpu=0

ROC-AUC:
AUC:    0.4933±0.0679 (0.6116)
AP:     0.0529±0.0112 (0.0749)
Recall: 0.0435±0.0243 (0.0725)
**************************************************