**************************************************
Start Date-Time: 18/08/2023, 18:40:57

Dataset: inj_cora, Model: DOMINANT

Hyper-Parameter Setting:
hid_dim=1024
dropout=0.700000
weight=0.2
weight_decay=0.000000
lr=0.050000
gpu=0

ROC-AUC:
AUC:    0.5549±0.0692 (0.5980)
AP:     0.0651±0.0108 (0.0731)
Recall: 0.0676±0.0088 (0.0725)
**************************************************