**************************************************
Start Date-Time: 18/08/2023, 19:23:51

Dataset: inj_cora, Model: DOMINANT

Hyper-Parameter Setting:
hid_dim=1024
dropout=0.700000
weight=0.8
weight_decay=0.000000
lr=0.100000
gpu=0

ROC-AUC:
AUC:    0.4684±0.0747 (0.5911)
AP:     0.0516±0.0104 (0.0696)
Recall: 0.0531±0.0193 (0.0725)
**************************************************