**************************************************
Start Date-Time: 18/08/2023, 18:51:01

Dataset: inj_cora, Model: DOMINANT

Hyper-Parameter Setting:
hid_dim=1024
dropout=0.700000
weight=0.2
weight_decay=0.010000
lr=0.100000
gpu=0

ROC-AUC:
AUC:    0.4926±0.0843 (0.6147)
AP:     0.0547±0.0134 (0.0767)
Recall: 0.0495±0.0107 (0.0652)
**************************************************