**************************************************
Start Date-Time: 18/08/2023, 15:57:48

Dataset: inj_cora, Model: DOMINANT

Hyper-Parameter Setting:
hid_dim=1024
dropout=0.100000
weight=0.5
weight_decay=0.010000
lr=0.010000
gpu=0

ROC-AUC:
AUC:    0.6202±0.1105 (0.7206)
AP:     0.0780±0.0204 (0.0992)
Recall: 0.0725±0.0234 (0.0942)
**************************************************