**************************************************
Start Date-Time: 18/08/2023, 14:59:05

Dataset: inj_cora, Model: DOMINANT

Hyper-Parameter Setting:
hid_dim=1024
dropout=0.000000
weight=0.5
weight_decay=0.010000
lr=0.050000
gpu=0

ROC-AUC:
AUC:    0.5775±0.0881 (0.6868)
AP:     0.0770±0.0298 (0.1265)
Recall: 0.0966±0.0583 (0.1739)
**************************************************