**************************************************
Start Date-Time: 18/08/2023, 14:57:08

Dataset: inj_cora, Model: DOMINANT

Hyper-Parameter Setting:
hid_dim=1024
dropout=0.000000
weight=0.5
weight_decay=0.010000
lr=0.010000
gpu=0

ROC-AUC:
AUC:    0.6315±0.0801 (0.7621)
AP:     0.0825±0.0311 (0.1395)
Recall: 0.0882±0.0421 (0.1594)
**************************************************