**************************************************
Start Date-Time: 18/08/2023, 18:13:32

Dataset: inj_cora, Model: DOMINANT

Hyper-Parameter Setting:
hid_dim=1024
dropout=0.500000
weight=0.8
weight_decay=0.000000
lr=0.010000
gpu=0

ROC-AUC:
AUC:    0.8324±0.0024 (0.8353)
AP:     0.2032±0.0057 (0.2099)
Recall: 0.2409±0.0094 (0.2536)
**************************************************