**************************************************
Start Date-Time: 18/08/2023, 17:49:00

Dataset: inj_cora, Model: DOMINANT

Hyper-Parameter Setting:
hid_dim=1024
dropout=0.500000
weight=0.2
weight_decay=0.010000
lr=0.100000
gpu=0

ROC-AUC:
AUC:    0.5057±0.0468 (0.5775)
AP:     0.0540±0.0066 (0.0633)
Recall: 0.0495±0.0107 (0.0652)
**************************************************