**************************************************
Start Date-Time: 18/08/2023, 19:36:21

Dataset: inj_cora, Model: DOMINANT

Hyper-Parameter Setting:
hid_dim=1024
dropout=0.700000
weight=0.8
weight_decay=0.010000
lr=0.100000
gpu=0

ROC-AUC:
AUC:    0.5254±0.0789 (0.6116)
AP:     0.0596±0.0122 (0.0749)
Recall: 0.0592±0.0155 (0.0725)
**************************************************