**************************************************
Start Date-Time: 18/08/2023, 17:54:59

Dataset: inj_cora, Model: DOMINANT

Hyper-Parameter Setting:
hid_dim=1024
dropout=0.500000
weight=0.5
weight_decay=0.000000
lr=0.050000
gpu=0

ROC-AUC:
AUC:    0.5190±0.0690 (0.5953)
AP:     0.0586±0.0098 (0.0709)
Recall: 0.0640±0.0116 (0.0725)
**************************************************