**************************************************
Start Date-Time: 18/08/2023, 14:37:31

Dataset: inj_cora, Model: DOMINANT

Hyper-Parameter Setting:
hid_dim=1024
dropout=0.000000
weight=0.2
weight_decay=0.000000
lr=0.100000
gpu=0

ROC-AUC:
AUC:    0.4794±0.0823 (0.5966)
AP:     0.0536±0.0113 (0.0716)
Recall: 0.0556±0.0169 (0.0725)
**************************************************