**************************************************
Start Date-Time: 18/08/2023, 19:04:50

Dataset: inj_cora, Model: DOMINANT

Hyper-Parameter Setting:
hid_dim=1024
dropout=0.700000
weight=0.5
weight_decay=0.010000
lr=0.050000
gpu=0

ROC-AUC:
AUC:    0.5364±0.0690 (0.6346)
AP:     0.0616±0.0138 (0.0832)
Recall: 0.0616±0.0188 (0.0942)
**************************************************