**************************************************
Start Date-Time: 18/08/2023, 17:29:05

Dataset: inj_cora, Model: DOMINANT

Hyper-Parameter Setting:
hid_dim=1024
dropout=0.300000
weight=0.8
weight_decay=0.010000
lr=0.010000
gpu=0

ROC-AUC:
AUC:    0.6329±0.0589 (0.7203)
AP:     0.0751±0.0132 (0.0942)
Recall: 0.0725±0.0065 (0.0797)
**************************************************