**************************************************
Start Date-Time: 18/08/2023, 14:35:34

Dataset: inj_cora, Model: DOMINANT

Hyper-Parameter Setting:
hid_dim=1024
dropout=0.000000
weight=0.2
weight_decay=0.000000
lr=0.050000
gpu=0

ROC-AUC:
AUC:    0.5453±0.0473 (0.5975)
AP:     0.0619±0.0074 (0.0719)
Recall: 0.0713±0.0030 (0.0725)
**************************************************