**************************************************
Start Date-Time: 18/08/2023, 18:32:49

Dataset: inj_cora, Model: DOMINANT

Hyper-Parameter Setting:
hid_dim=1024
dropout=0.500000
weight=0.8
weight_decay=0.010000
lr=0.050000
gpu=0

ROC-AUC:
AUC:    0.5167±0.0901 (0.6586)
AP:     0.0569±0.0166 (0.0886)
Recall: 0.0531±0.0351 (0.1232)
**************************************************