**************************************************
Start Date-Time: 18/08/2023, 14:41:27

Dataset: inj_cora, Model: DOMINANT

Hyper-Parameter Setting:
hid_dim=1024
dropout=0.000000
weight=0.2
weight_decay=0.010000
lr=0.010000
gpu=0

ROC-AUC:
AUC:    0.6132±0.0407 (0.6469)
AP:     0.0710±0.0097 (0.0855)
Recall: 0.0531±0.0223 (0.0870)
**************************************************