**************************************************
Start Date-Time: 18/08/2023, 15:30:17

Dataset: inj_cora, Model: DOMINANT

Hyper-Parameter Setting:
hid_dim=1024
dropout=0.000000
weight=0.8
weight_decay=0.010000
lr=0.100000
gpu=0

ROC-AUC:
AUC:    0.5427±0.0600 (0.6254)
AP:     0.0624±0.0108 (0.0792)
Recall: 0.0713±0.0030 (0.0725)
**************************************************