**************************************************
Start Date-Time: 18/08/2023, 15:26:22

Dataset: inj_cora, Model: DOMINANT

Hyper-Parameter Setting:
hid_dim=1024
dropout=0.000000
weight=0.8
weight_decay=0.010000
lr=0.010000
gpu=0

ROC-AUC:
AUC:    0.6062±0.0720 (0.6878)
AP:     0.0718±0.0117 (0.0859)
Recall: 0.0664±0.0085 (0.0725)
**************************************************