**************************************************
Start Date-Time: 18/08/2023, 14:33:37

Dataset: inj_cora, Model: DOMINANT

Hyper-Parameter Setting:
hid_dim=1024
dropout=0.000000
weight=0.2
weight_decay=0.000000
lr=0.010000
gpu=0

ROC-AUC:
AUC:    0.7273±0.0053 (0.7346)
AP:     0.1297±0.0090 (0.1414)
Recall: 0.1461±0.0226 (0.1812)
**************************************************