**************************************************
Start Date-Time: 18/08/2023, 16:55:16

Dataset: inj_cora, Model: DOMINANT

Hyper-Parameter Setting:
hid_dim=1024
dropout=0.300000
weight=0.5
weight_decay=0.000000
lr=0.100000
gpu=0

ROC-AUC:
AUC:    0.4840±0.1005 (0.6003)
AP:     0.0551±0.0153 (0.0737)
Recall: 0.0519±0.0207 (0.0725)
**************************************************