**************************************************
Start Date-Time: 18/08/2023, 17:31:05

Dataset: inj_cora, Model: DOMINANT

Hyper-Parameter Setting:
hid_dim=1024
dropout=0.300000
weight=0.8
weight_decay=0.010000
lr=0.050000
gpu=0

ROC-AUC:
AUC:    0.5261±0.0652 (0.5951)
AP:     0.0579±0.0109 (0.0705)
Recall: 0.0543±0.0296 (0.0870)
**************************************************