**************************************************
Start Date-Time: 18/08/2023, 15:51:54

Dataset: inj_cora, Model: DOMINANT

Hyper-Parameter Setting:
hid_dim=1024
dropout=0.100000
weight=0.5
weight_decay=0.000000
lr=0.050000
gpu=0

ROC-AUC:
AUC:    0.4742±0.0856 (0.5977)
AP:     0.0535±0.0115 (0.0720)
Recall: 0.0568±0.0148 (0.0725)
**************************************************