**************************************************
Start Date-Time: 18/08/2023, 17:41:02

Dataset: inj_cora, Model: DOMINANT

Hyper-Parameter Setting:
hid_dim=1024
dropout=0.500000
weight=0.2
weight_decay=0.000000
lr=0.100000
gpu=0

ROC-AUC:
AUC:    0.3989±0.0069 (0.4080)
AP:     0.0426±0.0023 (0.0451)
Recall: 0.0314±0.0109 (0.0435)
**************************************************