**************************************************
Start Date-Time: 18/08/2023, 18:56:56

Dataset: inj_cora, Model: DOMINANT

Hyper-Parameter Setting:
hid_dim=1024
dropout=0.700000
weight=0.5
weight_decay=0.000000
lr=0.050000
gpu=0

ROC-AUC:
AUC:    0.4871±0.0663 (0.5812)
AP:     0.0541±0.0083 (0.0675)
Recall: 0.0592±0.0107 (0.0725)
**************************************************