**************************************************
Start Date-Time: 18/08/2023, 18:04:56

Dataset: inj_cora, Model: DOMINANT

Hyper-Parameter Setting:
hid_dim=1024
dropout=0.500000
weight=0.5
weight_decay=0.010000
lr=0.100000
gpu=0

ROC-AUC:
AUC:    0.5269±0.0416 (0.5864)
AP:     0.0570±0.0067 (0.0647)
Recall: 0.0568±0.0202 (0.0725)
**************************************************