**************************************************
Start Date-Time: 18/08/2023, 14:53:15

Dataset: inj_cora, Model: DOMINANT

Hyper-Parameter Setting:
hid_dim=1024
dropout=0.000000
weight=0.5
weight_decay=0.000000
lr=0.100000
gpu=0

ROC-AUC:
AUC:    0.4454±0.0877 (0.6078)
AP:     0.0491±0.0133 (0.0746)
Recall: 0.0423±0.0186 (0.0725)
**************************************************