**************************************************
Start Date-Time: 18/08/2023, 18:54:58

Dataset: inj_cora, Model: DOMINANT

Hyper-Parameter Setting:
hid_dim=1024
dropout=0.700000
weight=0.5
weight_decay=0.000000
lr=0.010000
gpu=0

ROC-AUC:
AUC:    0.7576±0.0106 (0.7674)
AP:     0.1475±0.0155 (0.1639)
Recall: 0.1812±0.0386 (0.2174)
**************************************************