**************************************************
Start Date-Time: 18/08/2023, 15:09:26

Dataset: inj_cora, Model: DOMINANT

Hyper-Parameter Setting:
hid_dim=1024
dropout=0.000000
weight=0.8
weight_decay=0.000000
lr=0.010000
gpu=0

ROC-AUC:
AUC:    0.8305±0.0040 (0.8353)
AP:     0.1966±0.0074 (0.2069)
Recall: 0.2330±0.0113 (0.2464)
**************************************************