**************************************************
Start Date-Time: 18/08/2023, 15:36:10

Dataset: inj_cora, Model: DOMINANT

Hyper-Parameter Setting:
hid_dim=1024
dropout=0.100000
weight=0.2
weight_decay=0.000000
lr=0.050000
gpu=0

ROC-AUC:
AUC:    0.5245±0.0942 (0.5979)
AP:     0.0611±0.0131 (0.0731)
Recall: 0.0628±0.0150 (0.0725)
**************************************************