**************************************************
Start Date-Time: 18/08/2023, 15:34:13

Dataset: inj_cora, Model: DOMINANT

Hyper-Parameter Setting:
hid_dim=1024
dropout=0.100000
weight=0.2
weight_decay=0.000000
lr=0.010000
gpu=0

ROC-AUC:
AUC:    0.7271±0.0059 (0.7372)
AP:     0.1289±0.0088 (0.1460)
Recall: 0.1558±0.0289 (0.2101)
**************************************************