**************************************************
Start Date-Time: 18/08/2023, 15:46:00

Dataset: inj_cora, Model: DOMINANT

Hyper-Parameter Setting:
hid_dim=1024
dropout=0.100000
weight=0.2
weight_decay=0.010000
lr=0.100000
gpu=0

ROC-AUC:
AUC:    0.5175±0.0658 (0.5971)
AP:     0.0574±0.0106 (0.0718)
Recall: 0.0628±0.0181 (0.0797)
**************************************************